POINTS
0	48	295
1	78	324
2	109	315
3	132	301
4	92	272
5	95	222
6	54	243
7	42	190
8	12	212
9	7	179
10	28	149
11	97	169
12	95	90
13	73	168
14	76	190
15	46	165
16	67	147
17	56	101
18	64	33
19	140	253
20	142	218
21	154	285
22	175	271
23	174	236
24	166	177
25	189	200
26	197	159
27	157	89
28	187	122
29	211	101
30	214	75
31	280	94
32	278	58
33	233	34
34	218	10
35	247	11
36	265	26
EDGES
30	32
12	27
5	6
24	26
33	36
5	19
30	31
19	22
11	24
27	29
30	33
13	16
12	17
7	10
0	4
27	28
11	13
33	35
5	11
4	5
13	15
1	4
12	18
11	12
7	9
33	34
13	14
3	4
5	7
24	25
5	20
27	30
19	23
19	21
7	8
2	4
