mat	location	species	temperature	precipitation	totalAF	otu	pc1	pc2	pc3
1	1	GA	Ap	15	600	210.5	IC1	6.1500732849	0.207374361377	-0.0128350038334
2	1	GA	Ap	15	600	164.6	IC10	6.1500732849	0.207374361377	-0.0128350038334
3	1	GA	Ap	15	600	176.1	IC11	6.1500732849	0.207374361377	-0.0128350038334
4	2	GA	Aparvi	15	600	152.9	IC1154	-5.11080644983	0.826001992317	-0.0989637319073
5	2	GA	Aparvi	15	600	73.5	IC1155	-5.19112046978	0.921687081934	-0.0867609173039
6	2	GA	Aparvi	15	600	300.4	IC1156	-5.07912059158	0.867110490186	-0.11109130694
7	2	GA	Aparvi	15	600	185.5	IC1157	-5.11080644983	0.826001992317	-0.0989637319073
8	1	GA	Aparvi	15	600	276	IC1160	-5.06354051388	0.877450584545	-0.108158928976
9	1	GA	Aparvi	15	600	191.6	IC1161	-5.06354051388	0.877450584545	-0.108158928976
10	1	GA	Aparvi	15	600	23.7	IC1162	-5.12318907963	0.889255315664	-0.117464254923
11	2	GA	Aparvi	15	600	177.9	IC1163	-5.11080644983	0.826001992317	-0.0989637319073
12	1	GA	Aparvi	15	600	253.7	IC1164	-5.06354051388	0.877450584545	-0.108158928976
13	1	GA	Aparvi	15	600	183.5	IC1165	-5.06354051388	0.877450584545	-0.108158928976
14	1	GA	Aparvi	15	600	368.2	IC1167	-5.06393080827	0.877131736006	-0.109665727657
15	1	GA	Aparvi	15	600	250.8	IC1168	-5.06354051388	0.877450584545	-0.108158928976
16	1	GA	Aparvi	15	600	327.4	IC1169	-5.10578886325	0.892908494637	-0.110658453819
17	1	GA	Aparvi	15	600	296.7	IC1171	-5.06354051388	0.877450584545	-0.108158928976
18	1	GA	Aparvi	15	600	347.4	IC1174	-5.09522637213	0.836342086676	-0.0960313539429
19	1	GA	Aparvi	15	600	297.2	IC1175	-5.06354051388	0.877450584545	-0.108158928976
20	1	GA	Aparvi	15	600	340.5	IC1176	-5.06354051388	0.877450584545	-0.108158928976
21	2	GA	Aparvi	15	600	196.8	IC1177	-3.93242523527	1.03830632193	-0.0353250774403
22	1	GA	Aparvi	15	600	330.4	IC1178	-5.06354051388	0.877450584545	-0.108158928976
23	1	GA	Ap	15	600	190.8	IC12	6.1500732849	0.207374361377	-0.0128350038334
24	1	GA	Ap	15	600	155.6	IC13	6.1500732849	0.207374361377	-0.0128350038334
25	1	GA	Ap	15	600	178.2	IC14	6.1500732849	0.207374361377	-0.0128350038334
26	1	GA	Ap	15	600	170.1	IC15	6.1500732849	0.207374361377	-0.0128350038334
27	1	GA	Ap	15	600	217.9	IC17	6.1500732849	0.207374361377	-0.0128350038334
28	1	GA	Ap	15	600	295.8	IC18	6.14284180988	0.21190406508	0.00707030963156
29	1	GA	Ap	15	600	176.7	IC19	6.19668310224	0.211670419034	0.0123388508176
30	1	GA	Ap	15	600	170.8	IC2	6.1500732849	0.207374361377	-0.0128350038334
31	1	GA	Ap	15	600	334.6	IC21	6.14284180988	0.21190406508	0.00707030963156
32	1	GA	AfL	15	600	4.8	IC217	-5.02607294609	0.799521967399	-0.10806059394
33	1	GA	AfL	15	600	0.4	IC218	-5.02607294609	0.799521967399	-0.10806059394
34	1	GA	AfL	15	600	1.6	IC219	-5.09632326153	0.813918282846	-0.113493871196
35	1	GA	Ap	15	600	261.9	IC22	6.14284180988	0.21190406508	0.00707030963156
36	1	GA	AfL	15	600	2.1	IC220	-5.09632326153	0.813918282846	-0.113493871196
37	2	GA	AfL	15	600	41.2	IC221	-5.11190333923	0.803578188487	-0.11642624916
38	2	GA	AfL	15	600	5.1	IC222	-5.11190333923	0.803578188487	-0.11642624916
39	2	GA	AfL	15	600	4.1	IC223	-5.11190333923	0.803578188487	-0.11642624916
40	1	GA	AfL	15	600	5.6	IC225	-5.02607294609	0.799521967399	-0.10806059394
41	1	GA	AfL	15	600	9.6	IC226	-3.88962995342	1.06101989112	-0.0407233988381
42	2	GA	AfL	15	600	34.5	IC227	-2.67170213452	1.06749800205	0.268761296981
43	2	GA	AfL	15	600	33.6	IC228	-2.67170213452	1.06749800205	0.268761296981
44	2	GA	AfL	15	600	40	IC229	-2.67170213452	1.06749800205	0.268761296981
45	1	GA	Ap	15	600	280.7	IC23	6.14284180988	0.21190406508	0.00707030963156
46	2	GA	AfL	15	600	17	IC232	-2.67170213452	1.06749800205	0.268761296981
47	2	GA	AfL	15	600	32.1	IC233	-2.67170213452	1.06749800205	0.268761296981
48	2	GA	AfL	15	600	87	IC234	-4.1027911845	1.10277909841	-0.0390128432794
49	2	GA	AfL	15	600	132.9	IC237	-4.1027911845	1.10277909841	-0.0390128432794
50	2	GA	AfL	15	600	100.5	IC238	-4.1027911845	1.10277909841	-0.0390128432794
51	2	GA	AfL	15	600	88.1	IC239	-4.1027911845	1.10277909841	-0.0390128432794
52	1	GA	Ap	15	600	292.2	IC24	6.14284180988	0.21190406508	0.00707030963156
53	2	GA	AfL	15	600	103.1	IC240	-4.1027911845	1.10277909841	-0.0390128432794
54	2	GA	AfL	15	600	60.4	IC241	-4.1027911845	1.10277909841	-0.0390128432794
55	2	GA	AfL	15	600	116.5	IC242	-4.1027911845	1.10277909841	-0.0390128432794
56	1	GA	AfL	15	600	102.5	IC243	-4.1216366243	1.12648348452	-0.0239541114215
57	1	GA	AfL	15	600	106	IC244	-4.00068411725	1.03629355929	-0.100068649674
58	2	GA	AfL	15	600	98.2	IC245	-2.68697336931	1.04415756151	0.251693620538
59	2	GA	AfL	15	600	134.6	IC248	-2.68697336931	1.04415756151	0.251693620538
60	2	GA	AfL	15	600	122.9	IC249	-2.68697336931	1.04415756151	0.251693620538
61	1	GA	Ap	15	600	278.1	IC25	6.14284180988	0.21190406508	0.00707030963156
62	2	GA	AfL	15	600	123.2	IC250	-2.68697336931	1.04415756151	0.251693620538
63	2	GA	AfL	15	600	160.8	IC251	-2.68697336931	1.04415756151	0.251693620538
64	2	GA	AfL	15	600	0	IC253	-2.64840343176	1.01947073963	0.249832219094
65	2	GA	AfL	15	600	172.7	IC258	-4.02695290032	1.00800088622	-0.124559479662
66	2	GA	AfL	15	600	138.1	IC259	-4.02695290032	1.00800088622	-0.124559479662
67	1	GA	Ap	15	600	347.1	IC26	6.14284180988	0.21190406508	0.00707030963156
68	2	GA	AfL	15	600	216.6	IC260	-4.02695290032	1.00800088622	-0.124559479662
69	2	GA	AfL	15	600	199.1	IC261	-4.02695290032	1.00800088622	-0.124559479662
70	2	GA	AfL	15	600	219.1	IC262	-4.02695290032	1.00800088622	-0.124559479662
71	2	GA	AfL	15	600	0.8	IC263	-2.79383889563	1.02178381166	0.277220977267
72	2	GA	AfL	15	600	0.5	IC264	-2.79383889563	1.02178381166	0.277220977267
73	2	GA	AfL	15	600	0.1	IC265	-2.79383889563	1.02178381166	0.277220977267
74	2	GA	AfL	15	600	111.5	IC267	-2.81221906243	1.09145703082	0.241924796591
75	2	GA	AfL	15	600	145	IC268	-2.81221906243	1.09145703082	0.241924796591
76	2	GA	AfL	15	600	81.5	IC269	-2.81221906243	1.09145703082	0.241924796591
77	1	GA	Ap	15	600	373.4	IC27	6.14284180988	0.21190406508	0.00707030963156
78	2	GA	AfL	15	600	75.8	IC270	-4.24475779759	1.15844645255	-0.0352149788617
79	2	GA	AfL	15	600	91.5	IC271	-4.24475779759	1.15844645255	-0.0352149788617
80	2	GA	AfL	15	600	65.4	IC272	-4.13305133945	1.10733789089	-0.0245130511079
81	2	GA	AfL	15	600	54.1	IC273	-4.13305133945	1.10733789089	-0.0245130511079
82	2	GA	AfL	15	600	4.9	IC274	-4.16299075137	1.12924307019	-0.0285041422611
83	2	GA	AfL	15	600	2.5	IC275	-4.16299075137	1.12924307019	-0.0285041422611
84	2	GA	AfL	15	600	0.4	IC276	-2.72532308496	1.00611133009	0.260405118377
85	2	GA	AfL	15	600	0	IC277	-5.11190333923	0.803578188487	-0.11642624916
86	1	GA	AfL	15	600	101.2	IC278	-4.1015782999	1.07031112971	-0.104329351578
87	2	GA	AfL	15	600	13	IC279	-2.67170213452	1.06749800205	0.268761296981
88	2	GA	AfL	15	600	38.2	IC280	-4.137216702	1.11614339016	-0.0268864893859
89	2	GA	AfL	15	600	156.6	IC281	-4.16786056921	1.13576464514	-0.025713914033
90	1	GA	AfL	15	600	170.1	IC282	-4.1508716141	1.14891067152	-0.0384790631581
91	1	GA	AfL	15	600	9.7	IC283	-2.75407972895	1.05141723941	0.280821817627
92	2	GA	AfL	15	600	25	IC284	-4.13215329655	1.11357798268	-0.0257226783099
93	2	GA	AfL	15	600	186.8	IC285	-2.80890287338	1.02185835082	0.276991783618
94	2	GA	AfL	15	600	25.4	IC286	-2.67170213452	1.06749800205	0.268761296981
95	2	GA	AfL	15	600	106.4	IC287	-4.05817005887	1.0508376145	-0.105392404221
96	2	GA	AfL	15	600	99.2	IC288	-2.84234639187	1.10242635075	0.25836276904
97	1	GA	AfL	15	600	40.9	IC289	-2.73190482436	1.07986768039	0.238995094206
98	1	GA	Ap	15	600	349.8	IC29	6.14284180988	0.21190406508	0.00707030963156
99	2	GA	AfL	15	600	15.6	IC290	-4.1027911845	1.10277909841	-0.0390128432794
100	1	GA	AfL	15	600	47.9	IC291	-2.76776397947	1.0193196579	0.270297345522
101	2	GA	AfL	15	600	108.4	IC292	-4.03771132877	1.01691289048	-0.104499240336
102	1	GA	AfL	15	600	55.2	IC293	-4.1216366243	1.12648348452	-0.0239541114215
103	2	GA	AfL	15	600	19.7	IC294	-4.1027911845	1.10277909841	-0.0390128432794
104	2	GA	AfL	15	600	169.3	IC295	-4.19363461858	1.14886432517	-0.0273315669082
105	1	GA	AfL	15	600	0.3	IC296	-2.62601178859	1.02162991389	0.185381860855
106	1	GA	AfL	15	600	26.5	IC297	-4.12159363787	1.13303683057	-0.0369337510476
107	1	GA	AfL	15	600	18.9	IC298	-4.14721708605	1.14353933202	-0.0216177249926
108	2	GA	AfL	15	600	37	IC299	-4.13305133945	1.10733789089	-0.0245130511079
109	1	GA	AfL	15	600	52	IC300	-4.0872111068	1.11311919277	-0.036080465315
110	1	GA	AfL	15	600	16.9	IC301	-4.11911377603	1.13073351323	-0.0346359180781
111	2	GA	AfL	15	600	84.9	IC302	-4.23703398148	1.15606037865	-0.0323234416804
112	1	GA	AfL	15	600	96.7	IC303	-4.1015782999	1.07031112971	-0.104329351578
113	2	GA	AfL	15	600	71.1	IC304	-4.0865145104	1.04034978037	-0.108434304895
114	1	GA	AfL	15	600	37.9	IC305	-2.78789863111	1.02539988043	0.282025627977
115	2	GA	AfL	15	600	11.7	IC306	-2.70958859245	1.09018980077	0.267980352013
116	2	GA	AfL	15	600	142.9	IC307	-4.09485856352	1.08937898273	-0.0291998682245
117	1	GA	AfL	15	600	40.4	IC308	-4.02728890388	1.02097204128	-0.0408086720115
118	2	GA	AfL	15	600	0	IC312	-2.70234600173	1.08711925703	0.269933872334
119	2	GA	Ap	15	600	0	IC317	6.39544238868	0.183818190668	-0.0731014164278
120	2	GA	Ap	15	600	0	IC318	6.38984783194	0.196764304638	-0.0797389712858
121	2	GA	Ap	15	600	0	IC319	6.42323217567	0.195271968469	-0.0759413038655
122	1	GA	Ap	15	600	363.6	IC32	6.1500732849	0.207374361377	-0.0128350038334
123	2	GA	Ap	15	600	0	IC320	6.38984783194	0.196764304638	-0.0797389712858
124	2	GA	Ap	15	600	0	IC321	6.38984783194	0.196764304638	-0.0797389712858
125	2	GA	Ap	15	600	0	IC322	6.38984783194	0.196764304638	-0.0797389712858
126	2	GA	Ap	15	600	0	IC323	6.38984783194	0.196764304638	-0.0797389712858
127	2	GA	Ap	15	600	0	IC324	6.42323217567	0.195271968469	-0.0759413038655
128	2	GA	Ap	15	600	0	IC325	6.38984783194	0.196764304638	-0.0797389712858
129	2	GA	Ap	15	600	0	IC326	6.39544238868	0.183818190668	-0.0731014164278
130	2	GA	Ap	15	600	229.8	IC327	6.1344932072	0.197034267018	-0.0157673817978
131	2	GA	Ap	15	600	102.2	IC328	6.00961772428	0.238782390976	-0.0183842642918
132	2	GA	Ap	15	600	268.2	IC329	5.16268284677	0.455603503177	-0.228656812487
133	12	GA	Ap	15	600	208.6	IC33	6.16901991538	0.203948238457	-0.0147447650601
134	2	GA	Ap	15	600	250.6	IC330	5.16268284677	0.455603503177	-0.228656812487
135	2	GA	Ap	15	600	345	IC331	5.21328674873	0.476724868858	-0.239785412019
136	1	GA	Ap	15	600	377.2	IC34	6.1500732849	0.207374361377	-0.0128350038334
137	1	GA	Ap	15	600	337.7	IC35	6.1500732849	0.207374361377	-0.0128350038334
138	1	GA	Ap	15	600	372.7	IC36	6.1500732849	0.207374361377	-0.0128350038334
139	1	GA	Ap	15	600	481.9	IC37	6.1500732849	0.207374361377	-0.0128350038334
140	2	GA	Ap	15	600	190.9	IC38	6.1344932072	0.197034267018	-0.0157673817978
141	1	GA	Ap	15	600	383.9	IC39	6.1500732849	0.207374361377	-0.0128350038334
142	1	GA	Ap	15	600	348.2	IC40	6.1500732849	0.207374361377	-0.0128350038334
143	1	GA	Ap	15	600	405.1	IC42	6.16597296786	0.164312427001	-0.0996567118789
144	1	GA	Ap	15	600	140	IC44	6.19664910958	0.215816621394	0.00722235477697
145	1	GA	Ap	15	600	349.1	IC46	6.19664910958	0.215816621394	0.00722235477697
146	1	GA	Ap	15	600	359.3	IC47	6.30353375475	0.219519136634	0.0127899828795
147	1	GA	Ap	15	600	305.1	IC48	6.19664910958	0.215816621394	0.00722235477697
148	1	GA	Ap	15	600	310	IC49	6.19664910958	0.215816621394	0.00722235477697
149	1	GA	Ap	15	600	158.6	IC5	6.20138727046	0.211027643158	-0.0131316174486
150	1	GA	Ap	15	600	245.8	IC50	6.19664910958	0.215816621394	0.00722235477697
151	1	GA	Ap	15	600	230.2	IC51	6.19664910958	0.215816621394	0.00722235477697
152	1	GA	Ap	15	600	311.5	IC52	6.1500732849	0.207374361377	-0.0128350038334
153	12	GA	Ap	15	600	367.4	IC53	6.16901991538	0.203948238457	-0.0147447650601
154	1	GA	Ap	15	600	376.1	IC54	6.21734406084	0.143884888643	0.0280010258198
155	1	GA	Ap	15	600	376.1	IC55	6.18037429224	0.213539195948	-0.0126361936463
156	1	GA	Ap	15	600	389.9	IC56	6.1500732849	0.207374361377	-0.0128350038334
157	2	GA	Ap	15	600	500.1	IC58	6.33214946238	0.178549146081	-0.0783939931066
158	2	GA	Ap	15	600	360.8	IC59	6.33214946238	0.178549146081	-0.0783939931066
159	2	GA	Ap	15	600	375.4	IC60	6.33214946238	0.178549146081	-0.0783939931066
160	1	GA	Ap	15	600	342.5	IC61	6.00902291184	0.20242500718	0.00750483506514
161	1	GA	Ap	15	600	319	IC62	6.00902291184	0.20242500718	0.00750483506514
162	1	GA	Ap	15	600	343.5	IC63	6.00902291184	0.20242500718	0.00750483506514
163	1	GA	Ap	15	600	308.4	IC64	6.01158914373	0.198526951705	0.0124946694458
164	12	GA	Ap	15	600	0	IC65	6.42437454012	0.203678276077	-0.0787163545481
165	2	GA	Ap	15	600	0	IC66	6.38984783194	0.196764304638	-0.0797389712858
166	12	GA	Ap	15	600	270.9	IC67	6.19459843308	0.164141260916	0.0317331498667
167	1	GA	Ap	15	600	306.1	IC68	6.20139431163	0.210970279482	-0.0131794520052
168	2	GA	Ap	15	600	148.2	IC69	6.1344932072	0.197034267018	-0.0157673817978
169	1	GA	Ap	15	600	132.3	IC7	6.1500732849	0.207374361377	-0.0128350038334
170	1	GA	Ap	15	600	746.9	IC70	6.45706655847	0.21092968987	-0.0785539792725
171	12	GA	Ap	15	600	0	IC71	6.42437454012	0.203678276077	-0.0787163545481
172	12	GA	Ap	15	600	428.9	IC72	6.36667617057	0.18546311752	-0.0773713763689
173	1	GA	Ap	15	600	466.7	IC73	5.01031401459	0.475019021546	-0.223112000851
174	1	GA	Ap	15	600	293.4	IC74	6.34772954009	0.188889240441	-0.0754616151422
175	1	GA	Ap	15	600	354.9	IC75	6.1500732849	0.207374361377	-0.0128350038334
176	2	GA	Ap	15	600	0	IC76	6.38984783194	0.196764304638	-0.0797389712858
177	1	GA	Ap	15	600	100.8	IC77	6.1500732849	0.207374361377	-0.0128350038334
178	1	GA	Ap	15	600	171.4	IC8	6.1500732849	0.207374361377	-0.0128350038334
179	1	GA	Ap	15	600	0.3	IC905	6.19664910958	0.215816621394	0.00722235477697
180	1	GA	Ap	15	600	259.5	IC906	5.05372247578	0.457060825434	-0.223910172882
181	1	GA	Ap	15	600	486.2	IC907	5.05372247578	0.457060825434	-0.223910172882
182	2	GA	Ap	15	600	0	IC908	6.38984783194	0.196764304638	-0.0797389712858
183	2	GA	Ap	15	600	0	IC909	6.42323217567	0.195271968469	-0.0759413038655
184	2	GA	Ap	15	600	0	IC910	6.38984783194	0.196764304638	-0.0797389712858
185	2	GA	Ap	15	600	189.3	IC911	5.26627046858	0.45821046343	-0.228413666519
186	2	GA	Ap	15	600	0	IC912	6.38984783194	0.196764304638	-0.0797389712858
187	2	GA	Ap	15	600	0	IC913	6.38984783194	0.196764304638	-0.0797389712858
188	2	GA	Ap	15	600	0	IC915	6.38984783194	0.196764304638	-0.0797389712858
189	2	GA	Ap	15	600	0	IC916	6.42323217567	0.195271968469	-0.0759413038655
190	2	GA	Ap	15	600	0	IC917	6.38984783194	0.196764304638	-0.0797389712858
191	2	GA	Ap	15	600	0	IC918	6.38984783194	0.196764304638	-0.0797389712858
192	2	GA	Ap	15	600	0	IC919	6.38984783194	0.196764304638	-0.0797389712858
193	1	GA	Ap	15	600	445.7	IC920	5.05372247578	0.457060825434	-0.223910172882
194	1	GA	Ap	15	600	10.8	IC921	6.14284180988	0.21190406508	0.00707030963156
195	1	GA	Ap	15	600	0.3	IC922	6.23003345331	0.214324285225	0.0110200221973
196	2	GA	Ap	15	600	0	IC923	6.38984783194	0.196764304638	-0.0797389712858
197	2	GA	Ap	15	600	0	IC924	6.38984783194	0.196764304638	-0.0797389712858
198	1	GA	Ap	15	600	0	IC925	6.19664910958	0.215816621394	0.00722235477697
199	2	GA	Ap	15	600	0	IC926	6.38984783194	0.196764304638	-0.0797389712858
200	2	GA	Ap	15	600	0	IC927	6.38984783194	0.196764304638	-0.0797389712858
201	1	GA	Ap	15	600	74.7	IC98	6.1500732849	0.207374361377	-0.0128350038334
202	1	NC	AfL	15	600	0	IC310	-3.51782113769	0.711090090235	0.161178298564
203	2	MS	AfL	15	600	0	IC309	-2.72205533279	0.960589292183	0.112433416693
204	1	AL	Ap	15	600	109.3	IC115	6.1500732849	0.207374361377	-0.0128350038334
205	1	AZ	AfL	20	100	0	IC1179	-2.72205533279	0.960589292183	0.112433416693
206	1	TX	Ap	15	200	86.5	IC123	6.1500732849	0.207374361377	-0.0128350038334
207	1	TX	AfL	15	200	100	IC204	-4.11013115789	1.13035437384	-0.0320163527808
208	2	TX	AfL	15	200	0	IC313	-5.01700534691	0.834572810731	-0.0928336987545
209	1	BE	AfL	30	1200	85.3	IC1027	-4.08352102642	1.16243498558	-0.0373422859922
210	1	BE	AfL	30	1200	60.1	IC1028	-2.76142012645	1.01458412472	0.278479614346
211	2	BE	AfL	30	1200	47.2	IC1029	-4.19030536506	1.162941408	-0.0430528669107
212	1	BE	AfL	30	1200	87.8	IC1030	-4.08170266802	1.12669113934	-0.0510120560728
213	2	BE	AfL	30	1200	93.1	IC1031	-4.12754290067	1.12090983746	-0.0394446418656
214	1	BE	AfL	30	1200	45.6	IC1032	-4.04174948138	1.09378608174	-0.045797652101
215	2	BE	AfL	30	1200	159.5	IC1033	-2.74136204703	0.997432830996	0.259208751396
216	2	BE	AfL	30	1200	54.7	IC1034	-4.10483915447	1.1450693741	-0.0548478083902
217	1	BE	AfL	30	1200	53.7	IC1035	-2.75797287869	1.01250720179	0.276852409636
218	2	BE	AfL	30	1200	29.3	IC1036	-2.75152696383	0.98481288454	0.26808716115
219	1	BE	AfL	30	1200	46.2	IC1037	-2.73190482436	1.07986768039	0.238995094206
220	2	BE	AfL	30	1200	22.8	IC1038	-2.78190959776	1.06350188969	0.250078795068
221	2	BE	AfL	30	1200	0	IC1039	-2.83427763395	1.08036138775	0.189753023938
222	2	BE	AfL	30	1200	83.7	IC1040	-4.09015261156	1.10357237862	-0.0483471639573
223	1	BE	AfL	30	1200	64.6	IC1041	-2.73190482436	1.07986768039	0.238995094206
224	2	BE	AfL	30	1200	0	IC1042	-2.70262150001	0.957974681012	0.26863528646
225	1	BE	AfL	30	1200	0	IC1043	-2.72644189587	1.05520055551	0.191003088631
226	1	BE	AfL	30	1200	0	IC1044	-2.53803457264	1.06561528397	0.272455867789
227	1	BE	AfL	30	1200	0	IC1045	-2.74972294194	1.0421473139	0.189124999033
228	2	BE	AfL	30	1200	14.3	IC1046	-4.09910110412	1.15209489122	-0.0402746639566
229	2	BE	AfL	30	1200	84.3	IC1047	-4.20830697183	1.19027363119	-0.0522249530086
230	1	BE	AfL	30	1200	0	IC1048	-2.62675994478	1.06703921214	0.258403509975
231	1	BE	AfL	30	1200	81.3	IC1049	-2.67113341484	1.09196745688	0.260017196192
232	1	BE	AfL	30	1200	9	IC1050	-2.61431911708	1.076405179	0.261868383761
233	2	BE	AfL	30	1200	12.2	IC1051	-4.18929261152	1.1691942012	-0.0537017423957
234	2	BE	AfL	30	1200	86	IC1052	-2.72878532273	0.984967327449	0.278637757343
235	2	BE	AfL	30	1200	0	IC1053	-2.74555226181	1.07893745958	0.203805381752
236	2	BE	AfL	30	1200	0	IC1054	-5.10270538316	0.905744640924	-0.0919141657386
237	1	BE	AfL	30	1200	0	IC1055	-2.79532233537	1.07197189652	0.18813427075
238	1	BE	AfL	30	1200	21.6	IC1056	-2.78740553917	1.02418714718	0.273867376502
239	2	BE	AfL	30	1200	18.4	IC1057	-4.23924935881	1.17201839912	-0.0501465696195
240	2	BE	AfL	30	1200	13.3	IC1058	-4.01832905051	1.00248995015	-0.0260613688151
241	1	BE	AfL	30	1200	103.6	IC1059	-2.73190482436	1.07986768039	0.238995094206
242	1	BE	AfL	30	1200	62.2	IC1060	-2.7319244941	1.00562066554	0.262108508353
243	1	BE	AfL	30	1200	0	IC1061	-3.72866551392	0.761852482179	0.131731229581
244	1	BE	AfL	30	1200	245.1	IC1062	-4.14895123799	1.16018182233	-0.0385028360711
245	1	BE	AfL	30	1200	0	IC1063	-2.68507721495	0.989596392766	0.269300283659
246	1	BE	AfL	30	1200	155	IC1064	-2.85147186412	1.09127952982	0.300863921181
247	2	BE	AfL	30	1200	4.7	IC1065	-2.79800425818	1.03058931093	0.274847538989
248	1	BE	AfL	30	1200	71.4	IC1066	-2.79697338727	1.09346323903	0.254183748386
249	1	BE	AfL	30	1200	0	IC1067	-2.84524710884	1.04049811706	0.210861164097
250	1	BE	AfL	30	1200	0	IC1068	-2.79696187429	1.08681563726	0.204341057797
251	2	BE	AfL	30	1200	20.7	IC1069	-4.03784946429	1.14753129078	-0.0524511064706
252	1	BE	AfL	30	1200	0	IC1070	-2.81869755625	1.09070148211	0.192685401903
253	1	BE	AfL	30	1200	0	IC1071	-2.72969653313	0.963630985686	0.243644243613
254	2	BE	AfL	30	1200	56.7	IC1072	-2.73599592669	1.01630896949	0.273331700457
255	2	BE	AfL	30	1200	55.2	IC1073	-2.81291208195	0.950867364791	0.276501941173
256	2	BE	AfL	30	1200	126.6	IC1074	-2.8281083536	1.01046129528	0.278675136431
257	1	BE	AfL	30	1200	131.8	IC1075	-4.09317333629	1.15464840249	-0.0678637656268
258	1	BE	AfL	30	1200	89.5	IC1076	-4.11013671083	1.18200017371	-0.0497585963621
259	1	BE	AfL	30	1200	118.3	IC1077	-4.11254012284	1.14235622685	-0.053793520024
260	1	BE	AfL	30	1200	109.4	IC1078	-4.15571905982	1.15270900804	-0.00197346649654
261	2	BE	AfL	30	1200	132.3	IC1079	-2.74257468665	0.990879738605	0.263420882488
262	1	BE	AfL	30	1200	41.5	IC1080	-4.06477751433	1.0973949438	0.0157738532986
263	1	BE	AfL	30	1200	171.2	IC1081	-2.73190482436	1.07986768039	0.238995094206
264	1	BE	AfL	30	1200	0	IC1082	-2.58322157653	1.10177350484	0.282905978426
265	2	BE	AfL	30	1200	40.9	IC1083	-2.71538672682	0.995815766981	0.19348396443
266	1	BE	AfL	30	1200	1.3	IC1084	-2.7610435732	0.98881522108	0.0572282467403
267	1	BE	AfL	30	1200	1.2	IC1085	-2.73812352211	0.971580040009	0.053164134206
268	1	BE	AfL	30	1200	246.9	IC1086	-4.10730271018	1.05549955108	-0.230087355702
269	1	BE	AfL	30	1200	26	IC1087	-2.83316164073	1.0963588876	0.253445089828
270	1	BE	AfL	30	1200	131.4	IC1088	-4.14895123799	1.16018182233	-0.0385028360711
271	2	BE	AfL	30	1200	0	IC1089	-2.77700020415	1.00424403036	0.275547236382
272	2	BE	AfL	30	1200	77.9	IC1090	-2.62970232648	1.04269400354	0.250220925631
273	1	BE	AfL	30	1200	0.2	IC1091	-2.68704142231	0.968314775372	0.271567664424
274	1	BE	AfL	30	1200	164.1	IC1092	-4.11612818552	1.14005543109	-0.0388857021793
275	1	BE	AfL	30	1200	27.1	IC1093	-2.70996147341	0.985549956444	0.275631776958
276	1	BE	AfL	30	1200	0	IC1094	-2.79000253103	1.0936344645	0.256969933445
277	2	BE	AfL	30	1200	124.1	IC1095	-4.14653486115	1.0952309713	-0.0194662501781
278	1	BE	AfL	30	1200	55.1	IC1096	-2.73594688613	0.9951529789	0.271019539114
279	2	BE	AfL	30	1200	292.6	IC1097	-2.80000093793	1.07890153142	0.219659674907
280	1	BE	AfL	30	1200	198.5	IC1098	-2.70309830092	0.990505504207	0.256286188403
281	2	BE	AfL	30	1200	0	IC1099	-2.70262150001	0.957974681012	0.26863528646
282	2	BE	AfL	30	1200	26.3	IC1100	-4.08520890096	1.05284369533	-0.00557074247066
283	1	BE	AfL	30	1200	0	IC1101	-2.70996147341	0.985549956444	0.275631776958
284	2	BE	AfL	30	1200	24.4	IC1102	-4.08520890096	1.05284369533	-0.00557074247066
285	1	BE	AfL	30	1200	63.6	IC1103	-2.80534423157	1.05816458636	0.281844029487
286	1	BE	AfL	30	1200	81.1	IC1104	-2.83445073183	1.07733507114	0.284723951448
287	1	BE	AfL	30	1200	163.5	IC1105	-3.92975427654	1.14183585286	-0.0359640035892
288	1	BE	AfL	30	1200	1.6	IC1106	-2.58138652137	1.05349199198	0.233745131197
289	1	BE	Amini	30	1200	168	IC1112	-2.51814756409	-2.92687838921	-4.07120737172
290	1	BE	Amini	30	1200	24.7	IC1113	-2.07712288009	-3.72111605563	-4.99118760902
291	2	BE	Amini	30	1200	39.3	IC1117	-2.78214564041	-6.16381148076	-7.17246629608
292	1	BE	Amini	30	1200	32.4	IC1118	-2.91337434764	-3.03252013508	-4.61063540506
293	1	BE	Amini	30	1200	32.2	IC1119	-2.07712288009	-3.72111605563	-4.99118760902
294	1	BE	Amini	30	1200	34.7	IC1120	-2.07712288009	-3.72111605563	-4.99118760902
295	1	BE	Amini	30	1200	22.3	IC1121	-2.07712288009	-3.72111605563	-4.99118760902
296	1	BE	Amini	30	1200	26.4	IC1133	-2.07712288009	-3.72111605563	-4.99118760902
297	2	BE	Amini	30	1200	28.4	IC1134	-2.8905944741	-2.91841987807	-4.39046109912
298	1	BE	Amini	30	1200	32.7	IC1135	-2.09773588635	-3.96525068014	-5.23545019321
299	2	BE	Amini	30	1200	22.8	IC1140	-3.05824020879	-6.80219460448	-8.60782396575
300	1	BE	Amini	30	1200	29.7	IC1141	-2.88823825505	-3.05150473747	-4.61463422594
301	2	BE	Amini	30	1200	164.8	IC1142	-2.14806010745	-3.62753598737	-4.84171713615
302	2	BE	Amini	30	1200	45.9	IC1144	-2.59438338823	-9.01714507648	-12.4417118567
303	2	BE	Amini	30	1200	28.3	IC1145	-3.4633540311	-4.60007295648	-10.3679162324
304	2	BE	Amini	30	1200	49.5	IC1146	-2.59438338823	-9.01714507648	-12.4417118567
305	2	BE	Amini	30	1200	23.3	IC1147	-3.49068019206	-4.70769645708	-10.520190413
306	2	BE	Amini	30	1200	53.6	IC1148	-2.59438338823	-9.01714507648	-12.4417118567
307	2	BE	Amini	30	1200	59.5	IC1149	-3.19941182199	-8.62777372414	-12.1009260825
308	2	BE	Amini	30	1200	69.7	IC1150	-2.59438338823	-9.01714507648	-12.4417118567
309	2	BE	Amini	30	1200	24.9	IC1151	-3.4633540311	-4.60007295648	-10.3679162324
310	2	BE	Aparvi	30	1200	16.9	IC1152	-2.75168653937	0.937176536165	0.20593767873
311	1	BE	Aparvi	30	1200	47.1	IC1153	-4.04576143899	0.961083391209	-0.349967247509
312	1	AR	AfL	25	400	0	IC396	-3.96017917821	1.11352134687	-0.0901576459782
313	1	AR	AfL	25	400	0	IC397	-3.6170982511	0.720134482853	0.163081075232
314	1	AR	AfL	25	400	0	IC398	-3.6170982511	0.720134482853	0.163081075232
315	1	AR	AfL	25	400	15.3	IC399	-2.66082424294	1.03275430037	0.180224712438
316	1	AR	AfL	25	400	0	IC400	-2.77822243029	1.08589049625	0.242553518819
317	1	AR	AfL	25	400	0	IC401	-3.6170982511	0.720134482853	0.163081075232
318	1	AR	AfL	25	400	0	IC402	-3.63191534515	0.734054938052	0.153867850387
319	1	AR	AfL	25	400	0	IC403	-3.96017917821	1.11352134687	-0.0901576459782
320	1	AR	AfL	25	400	0	IC404	-3.6170982511	0.720134482853	0.163081075232
321	2	AR	AfL	25	400	0	IC405	-2.67170213452	1.06749800205	0.268761296981
322	1	AR	AfL	25	400	63	IC406	-2.79242203874	1.0603162698	0.286516572382
323	1	AR	AfL	25	400	0	IC407	-2.77822243029	1.08589049625	0.242553518819
324	1	AR	AfL	25	400	0	IC408	-3.6170982511	0.720134482853	0.163081075232
325	2	AR	AfL	25	400	114.2	IC409	-4.1027911845	1.10277909841	-0.0390128432794
326	1	AR	AfL	25	400	22.5	IC410	-4.11657321884	1.12391807704	-0.0227903003455
327	1	AR	AfL	25	400	77.6	IC411	-4.09741293736	1.06150563044	-0.1019559133
328	1	AR	AfL	25	400	0	IC412	-2.77822243029	1.08589049625	0.242553518819
329	1	AR	AfL	25	400	43.3	IC413	-4.05438456547	1.09431157483	-0.0353721326259
330	1	AR	AfL	25	400	0	IC414	-3.6170982511	0.720134482853	0.163081075232
331	2	AR	AfL	25	400	141.2	IC415	-4.1027911845	1.10277909841	-0.0390128432794
332	1	AR	AfL	25	400	72	IC416	-4.09741293736	1.06150563044	-0.1019559133
333	2	AR	AfL	25	400	14.6	IC417	-4.0359387975	1.09354134206	-0.0420479057657
334	1	AR	AfL	25	400	0	IC418	-3.59019905073	0.743801784096	0.154831608774
335	1	AR	AfL	25	400	0	IC419	-3.59019905073	0.743801784096	0.154831608774
336	1	AR	AfL	25	400	96.6	IC420	-4.03905387364	1.09109943408	-0.109838852937
337	1	AR	AfL	25	400	17.4	IC421	-4.08967401848	1.14758537828	-0.0310397668035
338	1	AR	AfL	25	400	195.1	IC422	-4.1310719098	1.22365781221	-0.0412167486107
339	1	AR	AfL	25	400	0	IC423	-3.62279910617	0.75751817656	0.148729318756
340	2	AR	AfL	25	400	117.9	IC424	-4.07589198414	1.12644639965	-0.0472623097375
341	1	AR	AfL	25	400	0	IC425	-3.60501614479	0.757722239296	0.145618383929
342	1	AR	AfL	25	400	73.5	IC426	-4.06788732795	1.11840687977	-0.112655612222
343	2	AR	AfL	25	400	10.2	IC427	-4.0359387975	1.09354134206	-0.0420479057657
344	1	AR	AfL	25	400	0	IC428	-3.60501614479	0.757722239296	0.145618383929
345	1	AR	AfL	25	400	0	IC429	-2.75132322993	1.10955779749	0.234304052361
346	1	AR	AfL	25	400	0.7	IC430	-4.05380069997	1.13374248992	-0.0954040308596
347	1	AR	AfL	25	400	0	IC431	-3.65218261874	0.774261329593	0.15969409374
348	1	AR	AfL	25	400	0	IC432	-3.60501614479	0.757722239296	0.145618383929
349	1	AR	AfL	25	400	0	IC433	-3.60501614479	0.757722239296	0.145618383929
350	1	AR	AfL	25	400	0	IC434	-3.59019905073	0.743801784096	0.154831608774
351	1	AR	AfL	25	400	0	IC435	-3.60501614479	0.757722239296	0.145618383929
352	1	AR	AfL	25	400	92.1	IC436	-4.09095577364	1.15640774899	-0.0431573564202
353	1	AR	AfL	25	400	0	IC437	-3.60501614479	0.757722239296	0.145618383929
354	1	AR	AfL	25	400	3.6	IC438	-3.93327997785	1.13718864812	-0.0984071124362
355	1	AR	AfL	25	400	0	IC439	-3.7266900791	0.77398937041	0.144029259794
356	2	AR	AfL	25	400	15.8	IC440	-4.06620776255	1.11226494101	-0.0404944352482
357	1	AR	AfL	25	400	0	IC441	-3.93327997785	1.13718864812	-0.0984071124362
358	1	AR	AfL	25	400	0	IC442	-3.59019905073	0.743801784096	0.154831608774
359	1	AR	AfL	25	400	114.7	IC443	-4.04403523234	1.07435717598	-0.113751393388
360	1	AR	AfL	25	400	0	IC444	-2.75132322993	1.10955779749	0.234304052361
361	1	AR	AfL	25	400	1.2	IC445	-3.59019905073	0.743801784096	0.154831608774
362	1	AR	AfL	25	400	77.9	IC446	-3.99855060417	1.11293400667	-0.106624300315
363	1	AR	AfL	25	400	0	IC447	-3.60501614479	0.757722239296	0.145618383929
364	1	AR	AfL	25	400	0	IC448	-3.6656802036	0.784898345536	0.152508007645
365	1	AR	AfL	25	400	0	IC449	-3.63509509472	0.771070913803	0.148983587077
366	1	AR	AfL	25	400	74.9	IC450	-4.03764883269	1.10693821028	-0.108623030448
367	1	AR	AfL	25	400	0.1	IC451	-4.08548724913	1.15799653427	-0.0985492429985
368	1	AR	AfL	25	400	0	IC452	-3.59019905073	0.743801784096	0.154831608774
369	1	AR	AfL	25	400	0	IC453	-3.59019905073	0.743801784096	0.154831608774
370	1	AR	AfL	25	400	0.1	IC454	-5.0825491081	0.923408597326	-0.137369981232
371	1	AR	AfL	25	400	0	IC455	-4.0529475764	1.17017877442	-0.10140001659
372	1	AR	AfL	25	400	0	IC456	-3.59019905073	0.743801784096	0.154831608774
373	2	AR	AfL	25	400	28.6	IC457	-5.08500413887	0.82724548973	-0.124675715618
374	1	AR	AfL	25	400	0	IC458	-3.89679653054	0.782318949293	0.0730254521067
375	2	AR	AfL	25	400	22	IC459	-4.05075589155	1.10746179726	-0.0512611306107
376	1	AR	AfL	25	400	0	IC460	-3.59019905073	0.743801784096	0.154831608774
377	1	AR	AfL	25	400	0	IC461	-3.59019905073	0.743801784096	0.154831608774
378	1	AR	AfL	25	400	35.8	IC462	-2.76099943074	1.04906718167	0.273776161519
379	1	AR	AfL	25	400	0	IC463	-3.65564517424	0.779901147855	0.139743964488
380	1	AR	AfL	25	400	0	IC464	-3.60501614479	0.757722239296	0.145618383929
381	1	AR	AfL	25	400	0	IC465	-3.60501614479	0.757722239296	0.145618383929
382	1	AR	AfL	25	400	0	IC466	-3.63527629974	0.762281031784	0.160118176101
383	1	AR	AfL	25	400	0	IC467	-2.5470310131	0.980459981703	0.189641383057
384	2	AR	AfL	25	400	8	IC468	-4.06620776255	1.11226494101	-0.0404944352482
385	1	AR	AfL	25	400	0	IC469	-3.65635268935	0.777892337829	0.155108449247
386	2	AR	AfL	25	400	11.7	IC470	-4.0359387975	1.09354134206	-0.0420479057657
387	2	AR	AfL	25	400	10.3	IC471	-4.0359387975	1.09354134206	-0.0420479057657
388	1	AR	AfL	25	400	63	IC472	-4.07051373699	1.08517293168	-0.110205379758
389	1	AR	AfL	25	400	0	IC474	-3.93327997785	1.13718864812	-0.0984071124362
390	1	AR	AfL	25	400	77.5	IC475	-4.06788732795	1.11840687977	-0.112655612222
391	2	AR	Aparvi	25	400	162	IC476	-4.07710186584	1.02931560701	-0.0448888526794
392	1	AR	Amini	25	400	8.5	IC477	-2.43256867083	-7.50107660111	3.36702064889
393	1	AR	Amini	25	400	9.2	IC478	-2.05954109471	-7.43736562331	3.28953449621
394	2	AR	Aparvi	25	400	81.2	IC479	-4.07710186584	1.02931560701	-0.0448888526794
395	1	AR	Ap	25	400	410.8	IC480	6.19664910958	0.215816621394	0.00722235477697
396	1	AR	Ap	25	400	488.6	IC484	6.1500732849	0.207374361377	-0.0128350038334
397	1	AR	Ap	25	400	239.2	IC485	6.19664910958	0.215816621394	0.00722235477697
398	1	AR	Ap	25	400	358.7	IC486	6.1500732849	0.207374361377	-0.0128350038334
399	1	AR	Ap	25	400	451.2	IC487	6.1500732849	0.207374361377	-0.0128350038334
400	1	AR	Ap	25	400	460	IC489	6.1500732849	0.207374361377	-0.0128350038334
401	1	AR	Ap	25	400	70.6	IC490	4.66385369688	0.600609886014	-0.109517621605
402	2	AR	Ap	25	400	289.6	IC494	4.97679164353	0.0804188865783	-0.301146275029
403	1	AR	Ap	25	400	299.6	IC495	6.19664910958	0.215816621394	0.00722235477697
404	1	AR	Ap	25	400	344.9	IC496	6.1500732849	0.207374361377	-0.0128350038334
405	1	AR	Ap	25	400	435.1	IC497	6.1500732849	0.207374361377	-0.0128350038334
406	1	AR	Ap	25	400	290.6	IC499	6.19664910958	0.215816621394	0.00722235477697
407	1	AR	Ap	25	400	331.8	IC500	6.19664910958	0.215816621394	0.00722235477697
408	1	AR	Ap	25	400	429.8	IC502	6.20138727046	0.211027643158	-0.0131316174486
409	1	AR	Ap	25	400	347.2	IC504	6.1500732849	0.207374361377	-0.0128350038334
410	1	AR	Ap	25	400	329	IC505	6.1500732849	0.207374361377	-0.0128350038334
411	1	AR	Ap	25	400	362	IC506	6.1500732849	0.207374361377	-0.0128350038334
412	1	AR	Ap	25	400	428.8	IC507	6.17333565851	0.229363392466	-0.0150030596921
413	1	AR	Ap	25	400	402.6	IC508	6.1500732849	0.207374361377	-0.0128350038334
414	1	AR	Ap	25	400	378.5	IC509	6.1500732849	0.207374361377	-0.0128350038334
415	1	AR	Ap	25	400	456.8	IC510	6.1500732849	0.207374361377	-0.0128350038334
416	1	AR	Ap	25	400	334.9	IC511	6.19664910958	0.215816621394	0.00722235477697
417	1	AR	Ap	25	400	572.4	IC512	6.1500732849	0.207374361377	-0.0128350038334
418	1	AR	Ap	25	400	580.9	IC513	6.25808405522	0.211013416554	-0.00787294064089
419	1	AR	Ap	25	400	582.7	IC514	6.1500732849	0.207374361377	-0.0128350038334
420	1	AR	Ap	25	400	462.2	IC516	6.1500732849	0.207374361377	-0.0128350038334
421	1	AR	Ap	25	400	200.2	IC517	4.05610112539	0.376876745769	-0.393706844984
422	1	AR	Ap	25	400	178.6	IC518	4.05610112539	0.376876745769	-0.393706844984
423	1	AR	Ap	25	400	296.6	IC519	6.19664910958	0.215816621394	0.00722235477697
424	1	AR	Ap	25	400	442.2	IC520	6.1500732849	0.207374361377	-0.0128350038334
425	1	AR	Ap	25	400	450	IC521	6.1500732849	0.207374361377	-0.0128350038334
426	1	AR	Ap	25	400	370.8	IC522	6.1500732849	0.207374361377	-0.0128350038334
427	1	AR	Ap	25	400	289.3	IC523	6.19664910958	0.215816621394	0.00722235477697
428	1	AR	Ap	25	400	389.6	IC524	6.19664910958	0.215816621394	0.00722235477697
429	1	AR	Ap	25	400	354.3	IC525	6.19664910958	0.215816621394	0.00722235477697
430	2	AR	Ap	25	400	1.3	IC526	6.46337396335	-0.0197996389294	-0.720316194329
431	1	AR	Ap	25	400	383.8	IC528	6.19664910958	0.215816621394	0.00722235477697
432	1	AR	Ap	25	400	364.9	IC529	6.1500732849	0.207374361377	-0.0128350038334
433	1	AR	Ap	25	400	334.7	IC530	6.1500732849	0.207374361377	-0.0128350038334
434	1	AR	Ap	25	400	341.8	IC531	6.19664910958	0.215816621394	0.00722235477697
435	1	AR	Ap	25	400	368.1	IC532	6.1500732849	0.207374361377	-0.0128350038334
436	1	AR	Ap	25	400	389.6	IC533	6.1500732849	0.207374361377	-0.0128350038334
437	1	AR	Ap	25	400	52.2	IC534	6.09590359581	0.193430505369	-0.104675598012
438	1	AR	Ap	25	400	340.7	IC535	6.16048838175	0.185861914891	-0.0823425573775
439	1	AR	Ap	25	400	322.1	IC536	6.19664910958	0.215816621394	0.00722235477697
440	1	AR	Ap	25	400	207.1	IC537	6.19664910958	0.215816621394	0.00722235477697
441	1	AR	Ap	25	400	319	IC538	6.19664910958	0.215816621394	0.00722235477697
442	1	AR	Ap	25	400	336.8	IC539	6.19664910958	0.215816621394	0.00722235477697
443	1	AR	Ap	25	400	408.8	IC540	6.1500732849	0.207374361377	-0.0128350038334
444	1	AR	Ap	25	400	410	IC541	6.1500732849	0.207374361377	-0.0128350038334
445	1	AR	Ap	25	400	433.4	IC542	6.1500732849	0.207374361377	-0.0128350038334
446	1	AR	Ap	25	400	435.3	IC543	6.1500732849	0.207374361377	-0.0128350038334
447	1	AR	Ap	25	400	374.9	IC544	6.14284180988	0.21190406508	0.00707030963156
448	1	AR	Ap	25	400	449.7	IC545	6.1500732849	0.207374361377	-0.0128350038334
449	1	AR	Ap	25	400	345.6	IC546	6.19664910958	0.215816621394	0.00722235477697
450	1	AR	Ap	25	400	255	IC547	6.19664910958	0.215816621394	0.00722235477697
451	1	AR	Ap	25	400	432.2	IC548	6.14284180988	0.21190406508	0.00707030963156
452	1	AR	Ap	25	400	499.6	IC549	6.1500732849	0.207374361377	-0.0128350038334
453	1	AR	Ap	25	400	410	IC551	6.19664910958	0.215816621394	0.00722235477697
454	1	AR	Ap	25	400	374.9	IC552	6.19664910958	0.215816621394	0.00722235477697
455	1	AR	Ap	25	400	406.8	IC553	6.18633577709	0.197337944346	-0.0214075319691
456	1	AR	Ap	25	400	355.6	IC554	6.1500732849	0.207374361377	-0.0128350038334
457	1	AR	Ap	25	400	435.6	IC555	6.1500732849	0.207374361377	-0.0128350038334
458	1	AR	Ap	25	400	429.7	IC556	6.2038805846	0.211286917691	-0.012682958688
459	2	AU	AfL	32	400	504.1	IC640	-5.40024023655	0.91906570768	-0.112199878611
460	2	AU	AfL	32	400	165.2	IC642	-3.18880169152	0.72935843614	-0.181802915528
461	2	AU	AfL	32	400	0.1	IC643	-2.63461817397	0.929915090076	0.228968138499
462	2	AU	AfL	32	400	65.6	IC646	-4.13370426226	1.11414565188	-0.0261744046784
463	1	AU	AfL	32	400	55.4	IC648	-2.71429823529	0.946842254681	0.338672078649
464	1	AU	AfL	32	400	13	IC650	-2.71443175559	0.945006829593	0.341753019673
465	2	AU	AfL	32	400	114	IC651	-5.41211724262	0.918731690529	-0.117490929493
466	1	AU	AfL	32	400	104.9	IC652	-4.14104423565	1.14172092731	-0.0191779141798
467	2	AU	AfL	32	400	85.5	IC655	-4.11042321618	1.12719889349	-0.0242963150803
468	2	AU	AfL	32	400	149.4	IC656	-4.09927874476	1.10078136013	-0.038300758572
469	2	AU	AfL	32	400	43.2	IC657	-4.13783583251	1.10933973998	-0.0287810417152
470	2	AU	AfL	32	400	151.5	IC658	-4.09927874476	1.10078136013	-0.038300758572
471	2	AU	AfL	32	400	0	IC659	-4.13399567837	1.11236511178	-0.0298274704739
472	2	AU	AfL	32	400	148.4	IC660	-5.41211724262	0.918731690529	-0.117490929493
473	2	AU	AfL	32	400	0.4	IC661	-2.74685052477	0.952206516531	0.340494382594
474	1	AU	AfL	32	400	100.6	IC662	-2.63438427265	1.0194818392	0.320583443087
475	2	AU	AfL	32	400	0.3	IC663	-2.74685052477	0.952206516531	0.340494382594
476	2	AU	AfL	32	400	27.3	IC664	-2.70859603929	0.921841284655	0.3290916957
477	2	AU	AfL	32	400	32.4	IC666	-2.73494171844	0.939067567805	0.334575889609
478	2	AU	AfL	32	400	27.9	IC667	-2.73494171844	0.939067567805	0.334575889609
479	1	AU	AfL	32	400	44	IC670	-2.68527052578	0.92770948426	0.33470848751
480	1	AU	AfL	32	400	0	IC671	-2.62781324239	1.00584075959	0.248404594501
481	2	AU	AfL	32	400	204.6	IC672	-5.3394690399	0.888475132774	-0.129810426413
482	2	AU	AfL	32	400	0	IC673	-3.75718750735	0.692662196992	0.230988401131
483	2	AU	AfL	32	400	72.7	IC674	-4.17192694748	1.13103791788	-0.0259812616522
484	1	AU	AfL	32	400	0.2	IC675	-4.10813923134	1.11624335777	-0.0294148587282
485	2	AU	AfL	32	400	125.8	IC676	-5.44368008243	0.936441289767	-0.117557742375
486	2	AU	AfL	32	400	54.7	IC677	-2.61680507058	0.994814886321	0.316294111021
487	2	AU	AfL	32	400	42.9	IC678	-4.19104115143	1.14495493115	-0.0278588704349
488	2	AU	AfL	32	400	66.7	IC679	-2.69502910419	0.952882404288	0.236482254548
489	2	AU	AfL	32	400	90.4	IC680	-4.15947831163	1.12724533191	-0.0277920575536
490	1	AU	AfL	32	400	98.3	IC682	-4.14389823393	1.13758542627	-0.0248596795892
491	2	AU	AfL	32	400	143.2	IC683	-5.41211724262	0.918731690529	-0.117490929493
492	1	AU	AfL	32	400	91.5	IC684	-5.3583144797	0.912179518889	-0.114751694555
493	1	AU	AfL	32	400	118.8	IC685	-4.11453612188	1.126786542	-0.0381498445588
494	2	AU	AfL	32	400	0	IC686	-2.74786847893	0.949336508821	0.344048565319
495	1	AU	AfL	32	400	123.8	IC688	-4.11453612188	1.126786542	-0.0381498445588
496	1	AU	AfL	32	400	0.1	IC695	-4.16220456655	1.13745315455	-0.0218636034493
497	2	AU	AfL	32	400	0	IC696	-2.74786847893	0.949336508821	0.344048565319
498	2	AU	AfL	32	400	137.7	IC697	-5.41211724262	0.918731690529	-0.117490929493
499	2	AU	AfL	32	400	0	IC698	-2.62561180657	0.99168061514	0.33324432951
500	2	AU	AfL	32	400	34.4	IC701	-4.15662431335	1.13138083295	-0.0221102921442
501	1	AU	AfL	32	400	125.2	IC702	-4.11453612188	1.126786542	-0.0381498445588
502	2	AU	AfL	32	400	118	IC703	-5.41211724262	0.918731690529	-0.117490929493
503	1	AU	AfL	32	400	141.5	IC704	-4.14088180103	1.14401282515	-0.03266565065
504	1	AU	AfL	32	400	91.7	IC708	-4.11841560067	1.12270520614	-0.0268950925095
505	1	AU	AfL	32	400	27.3	IC709	-2.71429823529	0.946842254681	0.338672078649
506	2	AU	AfL	32	400	81.2	IC711	-2.59291650283	0.985694747263	0.257553674155
507	1	AU	AfL	32	400	67.4	IC712	-2.71429823529	0.946842254681	0.338672078649
508	2	AU	AfL	32	400	1.3	IC719	-2.69558631579	0.921302443477	0.326694287815
509	1	AU	Amini	32	400	15.5	IC720	-2.14440080209	-7.83913869159	3.56495772933
510	2	AU	Aparvi	32	400	77.1	IC723	-2.89932637043	-7.2740487814	3.39991676081
511	2	AU	Aparvi	32	400	109.2	IC725	-2.89932637043	-7.2740487814	3.39991676081
512	2	AU	Aparvi	32	400	60	IC727	-2.89932637043	-7.2740487814	3.39991676081
513	2	AU	Aparvi	32	400	82.3	IC728	-2.89932637043	-7.2740487814	3.39991676081
514	2	AU	Aparvi	32	400	62.3	IC729	-2.89932637043	-7.2740487814	3.39991676081
515	1	AU	Amini	32	400	2.3	IC731	-2.42920738729	-7.7581408856	3.45548111643
516	1	AU	Aparvi	32	400	29.9	IC732	-2.88374629273	-7.26370868704	3.40284913877
517	1	AU	Amini	32	400	3.3	IC733	-2.42920738729	-7.7581408856	3.45548111643
518	1	AU	Amini	32	400	2.6	IC735	-2.42920738729	-7.7581408856	3.45548111643
519	2	AU	Aparvi	32	400	84	IC736	-2.89932637043	-7.2740487814	3.39991676081
520	2	AU	Aparvi	32	400	85.3	IC737	-2.90025265439	-7.2428429446	3.40987689452
521	2	AU	Aparvi	32	400	68.6	IC741	-2.89932637043	-7.2740487814	3.39991676081
522	1	AU	Amini	32	400	9.1	IC742	-2.12665674789	-7.7034285916	3.48443337623
523	2	AU	Aparvi	32	400	23.9	IC743	-1.82503234046	-6.43962808956	2.74357560643
524	1	AU	Amini	32	400	7.8	IC744	-0.376428264919	-7.11109514584	3.17908742995
525	2	AU	Aparvi	32	400	79.7	IC748	-2.89932637043	-7.2740487814	3.39991676081
526	2	AU	Aparvi	32	400	74.5	IC749	-2.89932637043	-7.2740487814	3.39991676081
527	2	AU	Aparvi	32	400	15	IC751	-2.14091693911	-7.7149752216	3.4942145932
528	2	AU	Aparvi	32	400	34.4	IC753	-2.10874165058	-8.40618524132	3.46819253265
529	2	AU	Aparvi	32	400	10	IC755	-2.11510030035	-7.63090479647	3.44225534731
530	2	AU	Aparvi	32	400	6.9	IC758	-2.20202597202	-6.48856602729	2.71456009026
531	2	AU	Aparvi	32	400	79	IC760	-2.10874165058	-8.40618524132	3.46819253265
532	2	AU	Aparvi	32	400	50	IC762	-2.89932637043	-7.2740487814	3.39991676081
533	2	AU	Aparvi	32	400	14	IC768	-2.11510030035	-7.63090479647	3.44225534731
534	2	AU	Aparvi	32	400	58.1	IC770	-2.88154580273	-7.52409944456	3.5552674106
535	2	AU	Aparvi	32	400	12.9	IC777	-2.11510030035	-7.63090479647	3.44225534731
536	1	AU	Amini	32	400	4	IC778	-2.42920738729	-7.7581408856	3.45548111643
537	2	AU	Aparvi	32	400	114.6	IC779	-2.89932637043	-7.2740487814	3.39991676081
538	2	AU	Aparvi	32	400	77.5	IC780	-2.96200875473	-7.42015031982	3.38462951807
539	2	AU	Aparvi	32	400	34.9	IC785	-1.39160988631	-4.56424736826	2.07780681091
540	2	AU	Aparvi	32	400	32	IC786	-1.24459224943	-4.73223998729	2.15148173729
541	2	AU	Aparvi	32	400	27.7	IC787	-1.40933026382	-4.59715464314	2.07660143481
542	2	AU	Amini	32	400	0.7	IC788	-1.22484818491	-4.69137576171	2.05484363421
543	1	AU	Aparvi	32	400	16.7	IC790	-2.13085369385	-7.46815343711	3.316554903
544	1	AU	Aparvi	32	400	13.9	IC791	-1.26516234628	-4.66952862114	2.12286791639
545	2	AU	Aparvi	32	400	73.7	IC792	-1.67319847224	-4.69538522049	2.2208628116
546	1	AU	Aparvi	32	400	0	IC793	-2.72836730994	-10.7209449603	4.60356993702
547	1	AU	Aparvi	32	400	132.2	IC796	-2.88374629273	-7.26370868704	3.40284913877
548	2	AU	Aparvi	32	400	66.3	IC797	-2.89932637043	-7.2740487814	3.39991676081
549	2	AU	Aparvi	32	400	14.3	IC798	-1.20612518098	-5.00593268185	2.26271177622
550	1	AU	Aparvi	32	400	5.1	IC799	-0.932586365395	-4.90921808818	2.20020717816
551	2	AU	Ap	32	400	207.5	IC800	6.24038627462	0.0716911280451	-0.00424134952973
552	2	AU	Ap	32	400	194.3	IC801	6.24038627462	0.0716911280451	-0.00424134952973
553	2	AU	Ap	32	400	155.5	IC804	6.24038627462	0.0716911280451	-0.00424134952973
554	2	AU	Ap	32	400	158.7	IC805	6.24038627462	0.0716911280451	-0.00424134952973
555	2	AU	Ap	32	400	331.6	IC806	5.41784499915	0.261781397873	-0.147039395818
556	2	AU	Ap	32	400	315.6	IC807	6.31801191705	0.091589591509	-0.0108430787171
557	2	AU	Ap	32	400	363.6	IC808	6.1158647659	0.0959655534169	0.069553204191
558	2	AU	Ap	32	400	0	IC809	6.35042001487	0.0922236861859	-0.0142940637057
559	1	AU	Ap	32	400	86.7	IC811	3.85501693301	0.355014764835	-0.124857444187
560	1	AU	Ap	32	400	71.3	IC813	3.85501693301	0.355014764835	-0.124857444187
561	2	AU	Ap	32	400	219.6	IC814	6.08783391511	0.0970233522688	0.0695828392473
562	2	AU	Ap	32	400	260.3	IC816	6.34019895153	0.0125109285315	-0.172455671678
563	2	AU	Ap	32	400	250.7	IC822	6.00461371593	0.090071002775	0.0695470135767
564	1	AU	Ap	32	400	307.3	IC824	6.05527271439	0.110232173275	0.0456845919071
565	1	AU	Ap	32	400	523.4	IC825	6.50552718264	0.0394131898603	-0.193614390147
566	2	AU	Ap	32	400	314.4	IC828	6.3477242714	0.0903092260114	-0.0127814391628
567	2	AU	Ap	32	400	391.8	IC832	5.48913912617	0.373041985123	-0.225185777824
568	1	AU	Ap	32	400	441.5	IC835	6.08060148177	0.104519660126	0.0708655606437
569	1	AU	Ap	32	400	82.6	IC836	3.85501693301	0.355014764835	-0.124857444187
570	2	AU	Ap	32	400	173.5	IC837	5.66758796123	0.271946160197	-0.00688278188973
571	2	AU	Ap	32	400	331.3	IC839	5.64458347694	0.301239161474	-0.00343215304153
572	2	AU	Ap	32	400	251.4	IC840	6.24038627462	0.0716911280451	-0.00424134952973
573	1	AU	Ap	32	400	375.5	IC844	6.10505091109	0.115779856896	0.0459723488888
574	2	AU	Ap	32	400	475	IC848	5.48913912617	0.373041985123	-0.225185777824
575	1	AU	Ap	32	400	351	IC851	5.75809433405	0.238979015623	0.0917342080326
576	2	AU	Ap	32	400	216	IC853	6.08783391511	0.0970233522688	0.0695828392473
577	2	AU	Ap	32	400	238.6	IC854	6.23479171787	0.0846372420152	-0.0108789043877
578	2	AU	Ap	32	400	59.6	IC860	3.88653456652	0.315473471441	-0.183976794013
579	2	AU	Ap	32	400	177.4	IC863	5.17120155408	0.462760972397	-0.0803434149115
580	1	AU	Ap	32	400	429.8	IC864	6.13144484361	0.106305647777	0.0724855821554
581	2	AU	Ap	32	400	207.7	IC867	5.81594357619	0.261761071268	0.0491567166882
582	1	AU	Ap	32	400	323	IC868	6.14354412989	0.112300111253	0.0489706634504
583	1	AU	Ap	32	400	461.3	IC872	6.13144484361	0.106305647777	0.0724855821554
584	1	AU	Ap	32	400	433.4	IC875	5.99585177642	0.129938077394	0.0881398392995
585	2	AU	Ap	32	400	70.9	IC876	3.88653456652	0.315473471441	-0.183976794013
586	2	US	AfL	15	600	91.5	IC203	-4.25780426647	1.17360617392	-0.0399660035219
587	2	IN	AfL	25	1400	20.4	IC1229	-4.1027911845	1.10277909841	-0.0390128432794
588	2	IN	AfL	25	1400	116.7	IC1230	-2.77700020415	1.00424403036	0.275547236382
589	1	IN	AfL	25	1400	101.1	IC1233	-2.78434017755	1.03181930579	0.28254372688
590	2	IN	AfL	25	1400	83.1	IC1237	-4.137216702	1.11614339016	-0.0268864893859
591	1	IN	AfL	25	1400	0	IC1239	-2.70647525509	0.970929386543	0.115365794657
592	1	IN	AfL	25	1400	9.8	IC1241	-2.70276389838	0.998839390356	0.246959614572
593	2	IN	AfL	25	1400	67.7	IC1245	-4.19581380385	1.14936946143	-0.0281212761529
594	2	IN	AfL	25	1400	164	IC1249	-2.82134979301	1.04874504208	0.281199194448
595	1	IN	AfL	25	1400	59.1	IC1250	-4.18067090361	1.1023590134	-0.00117628101755
596	1	IN	AfL	25	1400	17.3	IC1251	-2.78446041653	1.032457895	0.284915206127
597	1	IN	AfL	25	1400	13.7	IC1252	-4.09453342831	1.13656214718	-0.0233223313689
598	1	IN	AfL	25	1400	35.3	IC1253	-4.11838296416	1.12045039413	-0.0295353554356
599	2	IN	AfL	25	1400	106.4	IC1254	-2.84664457993	1.10482132258	0.254051150484
600	1	IN	AfL	25	1400	36.8	IC1255	-4.38155799626	1.31421513263	-0.0797417882114
601	1	IN	AfL	25	1400	0.1	IC1257	-2.6853208133	1.02501244852	0.274313193272
602	1	IN	AfL	25	1400	10.7	IC1258	-2.418428999	0.773036407061	-0.0845315571428
603	2	IN	AfL	25	1400	113.1	IC1260	-2.77700020415	1.00424403036	0.275547236382
604	1	IN	AfL	25	1400	56.6	IC1262	-2.72699460895	1.00121983296	0.266353260452
605	2	IN	AfL	25	1400	15.7	IC1264	-2.73289046507	0.976698279969	0.270188756977
606	1	IN	AfL	25	1400	6.2	IC1265	-2.78234213371	1.02162173969	0.275031187578
607	1	IN	AfL	25	1400	13.5	IC1266	-2.68704142231	0.968314775372	0.271567664424
608	1	IN	AfL	25	1400	65.9	IC1268	-4.15445967678	1.14660987576	-0.0235712453134
609	1	IN	AfL	25	1400	0.1	IC1269	-4.04725792016	1.08021413517	-0.0308660613432
610	2	IN	AfL	25	1400	21	IC1270	-4.05242339544	1.01865160247	-0.111234084958
611	1	IN	AfL	25	1400	3.2	IC1271	-2.70276389838	0.998839390356	0.246959614572
612	1	IN	AfL	25	1400	0.1	IC1272	-2.69980664912	1.00615586134	0.196416342394
613	2	IN	AfL	25	1400	0	IC1274	-3.77093953136	0.707446745264	0.134423823736
614	1	IN	AfL	25	1400	47.2	IC1275	-2.71731038736	0.987038374329	0.273121134942
615	1	IN	AfL	25	1400	47.8	IC1276	-4.15029431423	1.13780437649	-0.0211978070353
616	1	IN	AfL	25	1400	18.1	IC1277	-2.68704142231	0.968314775372	0.271567664424
617	2	IN	AfL	25	1400	49.6	IC1279	-2.7811648719	1.00847442728	0.268154676802
618	1	IN	AfL	25	1400	106.5	IC1280	-2.66325715279	0.908783511007	0.264959409328
619	1	IN	AfL	25	1400	53.3	IC1281	-2.78825939022	1.0296330377	0.281087972659
620	1	IN	AfL	25	1400	0.4	IC1282	-2.6853208133	1.02501244852	0.274313193272
621	1	IN	AfL	25	1400	89.5	IC1290	-2.6853208133	1.02501244852	0.274313193272
622	1	IN	AfL	25	1400	0	IC1291	-3.74863482236	0.720616025963	0.135351075975
623	2	IN	AfL	25	1400	0	IC1293	-3.77093953136	0.707446745264	0.134423823736
624	2	IN	AfL	25	1400	44.7	IC1295	-4.20528548068	1.16468112407	-0.0337949109491
625	1	IN	AfL	25	1400	0.2	IC1296	-2.6853208133	1.02501244852	0.274313193272
626	1	IN	AfL	25	1400	25.6	IC1297	-4.11838296416	1.12045039413	-0.0295353554356
627	1	IN	AfL	25	1400	0	IC1303	-3.77122047091	0.746185093183	0.130088614679
628	1	IN	AfL	25	1400	0	IC1304	-2.70647525509	0.970929386543	0.115365794657
629	2	IN	AfL	25	1400	68.4	IC1305	-2.70033763994	1.06535952258	0.249041352361
630	1	IN	AfL	25	1400	30.3	IC1306	-2.76295659288	1.04888519016	0.205162674248
631	1	IN	AfL	25	1400	74.9	IC1307	-4.0872111068	1.11311919277	-0.036080465315
