chr,	ref,	var,	pos,	bp,	208cov,	208sco,	301cov,	301sco,	303cov,	303sco,	304cov,	304sco,	306cov,	306sco,	307cov,	307sco,	313cov,	313sco,	315cov,	315sco,	324cov,	324sco,	335cov,	335sco,	357cov,	357sco,	358cov,	358sco,	360cov,	360sco,	362cov,	362sco,	365cov,	365sco,	375cov,	375sco,	379cov,	379sco,	380cov,	380sco,	391cov,	391sco,	399cov,	399sco,	427cov,	427sco,	437cov,	437sco,	486cov,	486sco,	514cov,	514sco,	555cov,	555sco,	639cov,	639sco,	705cov,	705sco,	707cov,	707sco,	712cov,	712sco,	714cov,	714sco,	730cov,	730sco,	732cov,	732sco,	765cov,	765sco,	774cov,	774sco,	786cov,	786sco,	799cov,	799sco,	820cov,	820sco,	852cov,	852sco,	859cov,	859sco
dmel_mitochondrion_genome,	C,	T,	671,	A,	0,	0,	0,	0,	0,	0,	0,	0,	0,	0,	0,	0,	0,	0,	0,	0,	0,	0,	0,	0,	0,	0,	0,	0,	0,	0,	0,	0,	0,	0,	0,	0,	0,	0,	0,	0,	0,	0,	0,	0,	0,	0,	0,	0,	0,	0,	0,	0,	0,	0,	0,	0,	0,	0,	0,	0,	0,	0,	0,	0,	0,	0,	0,	0,	0,	0,	0,	0,	0,	0,	0,	0,	0,	0,	1,	11,	0,	0
dmel_mitochondrion_genome,	C,	T,	671,	C,	0,	0,	0,	0,	0,	0,	0,	0,	0,	0,	2,	39,	0,	0,	0,	0,	0,	0,	55,	1489,	0,	0,	1,	10,	0,	0,	0,	0,	0,	0,	0,	0,	0,	0,	0,	0,	0,	0,	0,	0,	0,	0,	0,	0,	0,	0,	0,	0,	0,	0,	0,	0,	0,	0,	0,	0,	0,	0,	0,	0,	0,	0,	0,	0,	0,	0,	0,	0,	0,	0,	0,	0,	0,	0,	1,	12,	0,	0
dmel_mitochondrion_genome,	C,	T,	671,	T,	0,	0,	0,	0,	0,	0,	0,	0,	0,	0,	120,	3892,	27,	888,	0,	0,	0,	0,	1,	33,	1,	33,	51,	1630,	605,	12842,	107,	3463,	54,	1742,	1,	13,	72,	2289,	38,	1197,	0,	0,	0,	0,	0,	0,	0,	0,	0,	0,	0,	0,	0,	0,	0,	0,	0,	0,	0,	0,	0,	0,	0,	0,	96,	2950,	0,	0,	0,	0,	0,	0,	0,	0,	0,	0,	0,	0,	231,	7332,	0,	0
dmel_mitochondrion_genome,	C,	T,	671,	G,	0,	0,	0,	0,	0,	0,	0,	0,	0,	0,	0,	0,	0,	0,	0,	0,	0,	0,	0,	0,	0,	0,	0,	0,	2,	14,	0,	0,	0,	0,	0,	0,	0,	0,	0,	0,	0,	0,	0,	0,	0,	0,	0,	0,	0,	0,	0,	0,	0,	0,	0,	0,	0,	0,	0,	0,	0,	0,	0,	0,	0,	0,	0,	0,	0,	0,	0,	0,	0,	0,	0,	0,	0,	0,	1,	9,	0,	0
dmel_mitochondrion_genome,	C,	T,	671,	-,	0,	0,	0,	0,	0,	0,	0,	0,	0,	0,	0,	0,	0,	0,	0,	0,	0,	0,	0,	0,	0,	0,	0,	0,	0,	0,	0,	0,	0,	0,	0,	0,	0,	0,	0,	0,	0,	0,	0,	0,	0,	0,	0,	0,	0,	0,	0,	0,	0,	0,	0,	0,	0,	0,	0,	0,	0,	0,	0,	0,	0,	0,	0,	0,	0,	0,	0,	0,	0,	0,	0,	0,	0,	0,	0,	0,	0,	0
dmel_mitochondrion_genome,	G,	A,	710,	A,	0,	0,	0,	0,	0,	0,	1,	28,	0,	0,	111,	3588,	24,	780,	0,	0,	0,	0,	1,	33,	0,	0,	52,	1630,	699,	14607,	108,	3393,	53,	1681,	1,	22,	92,	2872,	48,	1449,	0,	0,	1,	26,	0,	0,	0,	0,	0,	0,	0,	0,	0,	0,	0,	0,	0,	0,	0,	0,	0,	0,	0,	0,	121,	3513,	0,	0,	0,	0,	0,	0,	0,	0,	0,	0,	0,	0,	281,	8855,	0,	0
dmel_mitochondrion_genome,	G,	A,	710,	C,	0,	0,	0,	0,	0,	0,	0,	0,	0,	0,	0,	0,	0,	0,	0,	0,	0,	0,	0,	0,	0,	0,	0,	0,	2,	9,	1,	8,	1,	6,	0,	0,	0,	0,	0,	0,	0,	0,	0,	0,	0,	0,	0,	0,	0,	0,	0,	0,	0,	0,	0,	0,	0,	0,	0,	0,	0,	0,	0,	0,	0,	0,	0,	0,	0,	0,	0,	0,	0,	0,	0,	0,	0,	0,	2,	24,	0,	0
dmel_mitochondrion_genome,	G,	A,	710,	T,	0,	0,	0,	0,	0,	0,	0,	0,	0,	0,	0,	0,	0,	0,	0,	0,	0,	0,	0,	0,	0,	0,	0,	0,	2,	18,	0,	0,	0,	0,	0,	0,	0,	0,	0,	0,	0,	0,	0,	0,	0,	0,	0,	0,	0,	0,	0,	0,	0,	0,	0,	0,	0,	0,	0,	0,	0,	0,	0,	0,	0,	0,	0,	0,	0,	0,	0,	0,	0,	0,	0,	0,	0,	0,	1,	11,	0,	0
dmel_mitochondrion_genome,	G,	A,	710,	G,	0,	0,	0,	0,	0,	0,	0,	0,	0,	0,	0,	0,	0,	0,	1,	6,	0,	0,	87,	2155,	0,	0,	0,	0,	2,	29,	0,	0,	0,	0,	0,	0,	0,	0,	0,	0,	0,	0,	0,	0,	0,	0,	0,	0,	0,	0,	0,	0,	0,	0,	0,	0,	0,	0,	0,	0,	0,	0,	0,	0,	0,	0,	0,	0,	0,	0,	0,	0,	0,	0,	0,	0,	0,	0,	1,	10,	0,	0
dmel_mitochondrion_genome,	G,	A,	710,	-,	0,	0,	0,	0,	0,	0,	0,	0,	0,	0,	0,	0,	0,	0,	0,	0,	0,	0,	0,	0,	0,	0,	0,	0,	0,	0,	0,	0,	0,	0,	0,	0,	0,	0,	0,	0,	0,	0,	0,	0,	0,	0,	0,	0,	0,	0,	0,	0,	0,	0,	0,	0,	0,	0,	0,	0,	0,	0,	0,	0,	0,	0,	0,	0,	0,	0,	0,	0,	0,	0,	0,	0,	0,	0,	0,	0,	0,	0
dmel_mitochondrion_genome,	C,	T,	735,	A,	0,	0,	0,	0,	0,	0,	0,	0,	0,	0,	0,	0,	0,	0,	0,	0,	0,	0,	6,	50,	0,	0,	0,	0,	0,	0,	1,	10,	0,	0,	0,	0,	0,	0,	0,	0,	0,	0,	0,	0,	0,	0,	0,	0,	0,	0,	0,	0,	0,	0,	0,	0,	0,	0,	0,	0,	0,	0,	0,	0,	0,	0,	0,	0,	0,	0,	0,	0,	0,	0,	0,	0,	0,	0,	0,	0,	0,	0
dmel_mitochondrion_genome,	C,	T,	735,	C,	0,	0,	0,	0,	0,	0,	0,	0,	0,	0,	0,	0,	0,	0,	1,	8,	0,	0,	72,	1547,	0,	0,	1,	13,	3,	44,	0,	0,	0,	0,	1,	11,	0,	0,	1,	21,	0,	0,	0,	0,	0,	0,	0,	0,	0,	0,	0,	0,	0,	0,	0,	0,	0,	0,	0,	0,	0,	0,	0,	0,	1,	2,	0,	0,	0,	0,	0,	0,	0,	0,	0,	0,	0,	0,	0,	0,	0,	0
dmel_mitochondrion_genome,	C,	T,	735,	T,	0,	0,	1,	33,	0,	0,	0,	0,	0,	0,	116,	3678,	24,	693,	1,	33,	0,	0,	1,	5,	0,	0,	66,	2093,	2391,	50882,	154,	4742,	71,	2200,	0,	0,	112,	3358,	74,	2190,	0,	0,	1,	33,	0,	0,	0,	0,	0,	0,	1,	33,	1,	33,	0,	0,	0,	0,	0,	0,	0,	0,	0,	0,	162,	4575,	0,	0,	0,	0,	0,	0,	0,	0,	0,	0,	0,	0,	347,	10626,	0,	0
dmel_mitochondrion_genome,	C,	T,	735,	G,	0,	0,	0,	0,	0,	0,	0,	0,	0,	0,	0,	0,	1,	21,	0,	0,	0,	0,	1,	16,	0,	0,	0,	0,	4,	47,	0,	0,	1,	8,	0,	0,	1,	10,	0,	0,	0,	0,	0,	0,	0,	0,	0,	0,	0,	0,	0,	0,	0,	0,	0,	0,	0,	0,	0,	0,	0,	0,	0,	0,	0,	0,	0,	0,	0,	0,	0,	0,	0,	0,	0,	0,	0,	0,	2,	17,	0,	0
dmel_mitochondrion_genome,	C,	T,	735,	-,	0,	0,	0,	0,	0,	0,	0,	0,	0,	0,	0,	0,	0,	0,	0,	0,	0,	0,	0,	0,	0,	0,	0,	0,	0,	0,	0,	0,	0,	0,	0,	0,	0,	0,	0,	0,	0,	0,	0,	0,	0,	0,	0,	0,	0,	0,	0,	0,	0,	0,	0,	0,	0,	0,	0,	0,	0,	0,	0,	0,	0,	0,	0,	0,	0,	0,	0,	0,	0,	0,	0,	0,	0,	0,	0,	0,	0,	0
dmel_mitochondrion_genome,	A,	G,	791,	A,	0,	0,	0,	0,	0,	0,	3,	89,	0,	0,	0,	0,	0,	0,	1,	6,	0,	0,	52,	1428,	0,	0,	0,	0,	3,	19,	152,	4846,	0,	0,	0,	0,	0,	0,	84,	2541,	0,	0,	0,	0,	0,	0,	0,	0,	0,	0,	0,	0,	0,	0,	0,	0,	0,	0,	0,	0,	0,	0,	0,	0,	2,	47,	0,	0,	0,	0,	0,	0,	0,	0,	0,	0,	0,	0,	0,	0,	0,	0
dmel_mitochondrion_genome,	A,	G,	791,	C,	0,	0,	0,	0,	0,	0,	0,	0,	0,	0,	1,	9,	0,	0,	0,	0,	0,	0,	0,	0,	0,	0,	0,	0,	1,	20,	0,	0,	0,	0,	0,	0,	0,	0,	0,	0,	0,	0,	0,	0,	0,	0,	0,	0,	0,	0,	0,	0,	0,	0,	0,	0,	0,	0,	0,	0,	0,	0,	0,	0,	0,	0,	0,	0,	0,	0,	0,	0,	0,	0,	0,	0,	0,	0,	0,	0,	0,	0
dmel_mitochondrion_genome,	A,	G,	791,	T,	0,	0,	0,	0,	0,	0,	0,	0,	0,	0,	0,	0,	0,	0,	0,	0,	0,	0,	0,	0,	0,	0,	1,	9,	8,	99,	0,	0,	0,	0,	0,	0,	0,	0,	0,	0,	0,	0,	0,	0,	0,	0,	0,	0,	0,	0,	0,	0,	0,	0,	0,	0,	0,	0,	0,	0,	0,	0,	0,	0,	0,	0,	0,	0,	0,	0,	0,	0,	0,	0,	0,	0,	0,	0,	1,	10,	0,	0
dmel_mitochondrion_genome,	A,	G,	791,	G,	0,	0,	0,	0,	0,	0,	0,	0,	0,	0,	76,	2474,	23,	709,	1,	22,	0,	0,	0,	0,	0,	0,	53,	1694,	1501,	31963,	0,	0,	81,	2535,	0,	0,	98,	3038,	2,	48,	0,	0,	0,	0,	0,	0,	0,	0,	0,	0,	0,	0,	1,	34,	0,	0,	0,	0,	0,	0,	0,	0,	0,	0,	201,	5666,	0,	0,	0,	0,	0,	0,	0,	0,	0,	0,	0,	0,	314,	9877,	0,	0
dmel_mitochondrion_genome,	A,	G,	791,	-,	0,	0,	0,	0,	0,	0,	0,	0,	0,	0,	1,	33,	0,	0,	0,	0,	0,	0,	0,	0,	0,	0,	0,	0,	15,	333,	0,	0,	0,	0,	0,	0,	1,	27,	0,	0,	0,	0,	0,	0,	0,	0,	0,	0,	0,	0,	0,	0,	0,	0,	0,	0,	0,	0,	0,	0,	0,	0,	0,	0,	4,	49,	0,	0,	0,	0,	0,	0,	0,	0,	0,	0,	0,	0,	13,	389,	0,	0
