00101110000001000000000000000010000010
00101100000001000000000000000010000000
11000000000000001010101000111001101000
00101111000001010101110111001110010111
00101110100001000100010010000010000101
00101110000001000000000000000000000000
00101100000000000000000000000010000000
00001110000001000000000000000010000010
00101110000111010001010011000010010110
00101100000000000000000001000010000010
00101111001101010100000111000011010111
00101110100000000000000000000010000000
11010010101100011110101010111101101101
00101111001101010101000111000011010111
10000000000100001010011000110100101000
00101110100001000000000000000000000010
00001110000001000000000000000010000000
00101110001001000000000000000010000010
00101111101001010101000100000010000110
00101100000000000000000001000010000000
00101110100001000100010111000100010111
10000000000000000000001000110000100000
00111110000001010100000000000010010111
00101111100011000101010111000100010111
00101100000000000000000000000011010110
00101100000000000000000010000010000000
00101110000000000000000000000000000110
00101100000001000000000000000000000000
10000000001100000010100000010100101000
00101110000000000100000110000010000000
00111111100001010101010111001110011111
00111101100011001000010011000011010110
